139.62162780762 35.191547393799 16.265476226807
139.62214660645 35.193431854248 15.562867164612
139.62237548828 35.19486618042 14.445986747742
139.62295532227 35.196300506592 13.658111572266
139.62367248535 35.198017120361 10.004355430603
139.62471008301 35.19917678833 9.15456199646
139.62585449219 35.200122833252 9.5752401351929
139.6273651123 35.201179504395 10.755037307739
139.62886047363 35.201747894287 11.639273643494
139.63064575195 35.202209472656 12.703600883484
139.63209533691 35.202518463135 13.871233940125
139.63209533691 35.202518463135 13.871233940125