139.62281799316 35.191814422607 16.265476226807
139.62333679199 35.193698883057 15.562867164612
139.62356567383 35.195133209229 14.445986747742
139.62414550781 35.1965675354 13.658111572266
139.6248626709 35.19828414917 10.004355430603
139.62590026855 35.199443817139 9.15456199646
139.62704467773 35.200389862061 9.5752401351929
139.62855529785 35.201446533203 10.755037307739
139.63005065918 35.202014923096 11.639273643494
139.6318359375 35.202476501465 12.703600883484
139.63328552246 35.202785491943 13.871233940125
139.63328552246 35.202785491943 13.871233940125