139.6220703125 35.191722869873 16.265476226807
139.62258911133 35.193607330322 15.562867164612
139.62281799316 35.195041656494 14.445986747742
139.62339782715 35.196475982666 13.658111572266
139.62411499023 35.198192596436 10.004355430603
139.62515258789 35.199352264404 9.15456199646
139.62629699707 35.200298309326 9.5752401351929
139.62780761719 35.201354980469 10.755037307739
139.62930297852 35.201923370361 11.639273643494
139.63108825684 35.20238494873 12.703600883484
139.6325378418 35.202693939209 13.871233940125
139.6325378418 35.202693939209 13.871233940125