139.62310791016 35.192161560059 16.265476226807
139.62362670898 35.194046020508 15.562867164612
139.62385559082 35.19548034668 14.445986747742
139.6244354248 35.196914672852 13.658111572266
139.62515258789 35.198631286621 10.004355430603
139.62619018555 35.19979095459 9.15456199646
139.62733459473 35.200736999512 9.5752401351929
139.62884521484 35.201793670654 10.755037307739
139.63034057617 35.202362060547 11.639273643494
139.63212585449 35.202823638916 12.703600883484
139.63357543945 35.203132629395 13.871233940125
139.63357543945 35.203132629395 13.871233940125