139.62242126465 35.192012786865 16.265476226807
139.62294006348 35.193897247314 15.562867164612
139.62316894531 35.195331573486 14.445986747742
139.6237487793 35.196765899658 13.658111572266
139.62446594238 35.198482513428 10.004355430603
139.62550354004 35.199642181396 9.15456199646
139.62664794922 35.200588226318 9.5752401351929
139.62815856934 35.201644897461 10.755037307739
139.62965393066 35.202213287354 11.639273643494
139.63143920898 35.202674865723 12.703600883484
139.63288879395 35.202983856201 13.871233940125
139.63288879395 35.202983856201 13.871233940125