139.62763977051 35.192031860352 16.265476226807
139.62815856934 35.193916320801 15.562867164612
139.62838745117 35.195350646973 14.445986747742
139.62896728516 35.196784973145 13.658111572266
139.62968444824 35.198501586914 10.004355430603
139.6307220459 35.199661254883 9.15456199646
139.63186645508 35.200607299805 9.5752401351929
139.6333770752 35.201663970947 10.755037307739
139.63487243652 35.20223236084 11.639273643494
139.63665771484 35.202693939209 12.703600883484
139.6381072998 35.203002929688 13.871233940125
139.6381072998 35.203002929688 13.871233940125