139.62593078613 35.191875457764 16.265476226807
139.62644958496 35.193759918213 15.562867164612
139.6266784668 35.195194244385 14.445986747742
139.62725830078 35.196628570557 13.658111572266
139.62797546387 35.198345184326 10.004355430603
139.62901306152 35.199504852295 9.15456199646
139.6301574707 35.200450897217 9.5752401351929
139.63166809082 35.201507568359 10.755037307739
139.63316345215 35.202075958252 11.639273643494
139.63494873047 35.202537536621 12.703600883484
139.63639831543 35.2028465271 13.871233940125
139.63639831543 35.2028465271 13.871233940125