139.62283325195 35.191814422607 16.265476226807
139.62335205078 35.193698883057 15.562867164612
139.62358093262 35.195133209229 14.445986747742
139.6241607666 35.1965675354 13.658111572266
139.62487792969 35.19828414917 10.004355430603
139.62591552734 35.199443817139 9.15456199646
139.62705993652 35.200389862061 9.5752401351929
139.62857055664 35.201446533203 10.755037307739
139.63006591797 35.202014923096 11.639273643494
139.63185119629 35.202476501465 12.703600883484
139.63330078125 35.202785491943 13.871233940125
139.63330078125 35.202785491943 13.871233940125