139.62305438856023 35.19216236543137 16.26547622680664
139.62357039003240 35.19404497773619 15.56286716554314
139.62378855306059 35.19547848381571 14.44598674774170
139.62437152614211 35.19691648469611 13.65811157226563
139.62508722846545 35.19863112334181 10.00435542967170
139.62613660430196 35.19979052594463 9.15456199645996
139.62727703731480 35.20073619241079 9.57524013612419
139.62877923525750 35.20179224201584 10.75503730680794
139.63027815628024 35.20236213224764 11.63927364349365
139.63206270068605 35.20282356138124 12.70360088348389
139.63351487434619 35.20313224971560 13.87123394105583
