139.62132263184 35.191303253174 16.265476226807
139.62184143066 35.193187713623 15.562867164612
139.6220703125 35.194622039795 14.445986747742
139.62265014648 35.196056365967 13.658111572266
139.62336730957 35.197772979736 10.004355430603
139.62440490723 35.198932647705 9.15456199646
139.62554931641 35.199878692627 9.5752401351929
139.62705993652 35.20093536377 10.755037307739
139.62855529785 35.201503753662 11.639273643494
139.63034057617 35.201965332031 12.703600883484
139.63179016113 35.20227432251 13.871233940125
139.63179016113 35.20227432251 13.871233940125