139.62258911133 35.191761016846 16.265476226807
139.62310791016 35.193645477295 15.562867164612
139.62333679199 35.195079803467 14.445986747742
139.62391662598 35.196514129639 13.658111572266
139.62463378906 35.198230743408 10.004355430603
139.62567138672 35.199390411377 9.15456199646
139.6268157959 35.200336456299 9.5752401351929
139.62832641602 35.201393127441 10.755037307739
139.62982177734 35.201961517334 11.639273643494
139.63160705566 35.202423095703 12.703600883484
139.63305664063 35.202732086182 13.871233940125
139.63305664063 35.202732086182 13.871233940125