139.62274169922 35.191665649414 16.265476226807
139.62326049805 35.193550109863 15.562867164612
139.62348937988 35.194984436035 14.445986747742
139.62406921387 35.196418762207 13.658111572266
139.62478637695 35.198135375977 10.004355430603
139.62582397461 35.199295043945 9.15456199646
139.62696838379 35.200241088867 9.5752401351929
139.62847900391 35.20129776001 10.755037307739
139.62997436523 35.201866149902 11.639273643494
139.63175964355 35.202327728271 12.703600883484
139.63320922852 35.20263671875 13.871233940125
139.63320922852 35.20263671875 13.871233940125