139.62147521973 35.191520690918 16.265476226807
139.62199401855 35.193405151367 15.562867164612
139.62222290039 35.194839477539 14.445986747742
139.62280273438 35.196273803711 13.658111572266
139.62351989746 35.19799041748 10.004355430603
139.62455749512 35.199150085449 9.15456199646
139.6257019043 35.200096130371 9.5752401351929
139.62721252441 35.201152801514 10.755037307739
139.62870788574 35.201721191406 11.639273643494
139.63049316406 35.202182769775 12.703600883484
139.63194274902 35.202491760254 13.871233940125
139.63194274902 35.202491760254 13.871233940125