139.62333679199 35.191886901855 16.265476226807
139.62385559082 35.193771362305 15.562867164612
139.62408447266 35.195205688477 14.445986747742
139.62466430664 35.196640014648 13.658111572266
139.62538146973 35.198356628418 10.004355430603
139.62641906738 35.199516296387 9.15456199646
139.62756347656 35.200462341309 9.5752401351929
139.62907409668 35.201519012451 10.755037307739
139.63056945801 35.202087402344 11.639273643494
139.63235473633 35.202548980713 12.703600883484
139.63380432129 35.202857971191 13.871233940125
139.63380432129 35.202857971191 13.871233940125