139.62187194824 35.191715240479 16.265476226807
139.62239074707 35.193599700928 15.562867164612
139.62261962891 35.1950340271 14.445986747742
139.62319946289 35.196468353271 13.658111572266
139.62391662598 35.198184967041 10.004355430603
139.62495422363 35.19934463501 9.15456199646
139.62609863281 35.200290679932 9.5752401351929
139.62760925293 35.201347351074 10.755037307739
139.62910461426 35.201915740967 11.639273643494
139.63088989258 35.202377319336 12.703600883484
139.63233947754 35.202686309814 13.871233940125
139.63233947754 35.202686309814 13.871233940125