139.62617492676 35.192714691162 16.265476226807
139.62669372559 35.194599151611 15.562867164612
139.62692260742 35.196033477783 14.445986747742
139.62750244141 35.197467803955 13.658111572266
139.62821960449 35.199184417725 10.004355430603
139.62925720215 35.200344085693 9.15456199646
139.63040161133 35.201290130615 9.5752401351929
139.63191223145 35.202346801758 10.755037307739
139.63340759277 35.20291519165 11.639273643494
139.63519287109 35.20337677002 12.703600883484
139.63664245605 35.203685760498 13.871233940125
139.63664245605 35.203685760498 13.871233940125