139.62173461914 35.191661834717 16.265476226807
139.62225341797 35.193546295166 15.562867164612
139.6224822998 35.194980621338 14.445986747742
139.62306213379 35.19641494751 13.658111572266
139.62377929688 35.198131561279 10.004355430603
139.62481689453 35.199291229248 9.15456199646
139.62596130371 35.20023727417 9.5752401351929
139.62747192383 35.201293945313 10.755037307739
139.62896728516 35.201862335205 11.639273643494
139.63075256348 35.202323913574 12.703600883484
139.63220214844 35.202632904053 13.871233940125
139.63220214844 35.202632904053 13.871233940125