139.62477111816 35.191650390625 16.265476226807
139.62528991699 35.193534851074 15.562867164612
139.62551879883 35.194969177246 14.445986747742
139.62609863281 35.196403503418 13.658111572266
139.6268157959 35.198120117188 10.004355430603
139.62785339355 35.199279785156 9.15456199646
139.62899780273 35.200225830078 9.5752401351929
139.63050842285 35.201282501221 10.755037307739
139.63200378418 35.201850891113 11.639273643494
139.6337890625 35.202312469482 12.703600883484
139.63523864746 35.202621459961 13.871233940125
139.63523864746 35.202621459961 13.871233940125