139.62245178223 35.191619873047 16.265476226807
139.62297058105 35.193504333496 15.562867164612
139.62319946289 35.194938659668 14.445986747742
139.62377929688 35.19637298584 13.658111572266
139.62449645996 35.198089599609 10.004355430603
139.62553405762 35.199249267578 9.15456199646
139.6266784668 35.2001953125 9.5752401351929
139.62818908691 35.201251983643 10.755037307739
139.62968444824 35.201820373535 11.639273643494
139.63146972656 35.202281951904 12.703600883484
139.63291931152 35.202590942383 13.871233940125
139.63291931152 35.202590942383 13.871233940125