139.62460327148 35.192863464355 16.265476226807
139.62512207031 35.194747924805 15.562867164612
139.62535095215 35.196182250977 14.445986747742
139.62593078613 35.197616577148 13.658111572266
139.62664794922 35.199333190918 10.004355430603
139.62768554688 35.200492858887 9.15456199646
139.62882995605 35.201438903809 9.5752401351929
139.63034057617 35.202495574951 10.755037307739
139.6318359375 35.203063964844 11.639273643494
139.63362121582 35.203525543213 12.703600883484
139.63507080078 35.203834533691 13.871233940125
139.63507080078 35.203834533691 13.871233940125