139.62226867676 35.191558837891 16.265476226807
139.62278747559 35.19344329834 15.562867164612
139.62301635742 35.194877624512 14.445986747742
139.62359619141 35.196311950684 13.658111572266
139.62431335449 35.198028564453 10.004355430603
139.62535095215 35.199188232422 9.15456199646
139.62649536133 35.200134277344 9.5752401351929
139.62800598145 35.201190948486 10.755037307739
139.62950134277 35.201759338379 11.639273643494
139.63128662109 35.202220916748 12.703600883484
139.63273620605 35.202529907227 13.871233940125
139.63273620605 35.202529907227 13.871233940125