139.62162780762 35.191604614258 16.265476226807
139.62214660645 35.193489074707 15.562867164612
139.62237548828 35.194923400879 14.445986747742
139.62295532227 35.196357727051 13.658111572266
139.62367248535 35.19807434082 10.004355430603
139.62471008301 35.199234008789 9.15456199646
139.62585449219 35.200180053711 9.5752401351929
139.6273651123 35.201236724854 10.755037307739
139.62886047363 35.201805114746 11.639273643494
139.63064575195 35.202266693115 12.703600883484
139.63209533691 35.202575683594 13.871233940125
139.63209533691 35.202575683594 13.871233940125