139.62782287598 35.192848205566 16.265476226807
139.6283416748 35.194732666016 15.562867164612
139.62857055664 35.196166992188 14.445986747742
139.62915039063 35.197601318359 13.658111572266
139.62986755371 35.199317932129 10.004355430603
139.63090515137 35.200477600098 9.15456199646
139.63204956055 35.20142364502 9.5752401351929
139.63356018066 35.202480316162 10.755037307739
139.63505554199 35.203048706055 11.639273643494
139.63684082031 35.203510284424 12.703600883484
139.63829040527 35.203819274902 13.871233940125
139.63829040527 35.203819274902 13.871233940125