139.62698364258 35.19176864624 16.265476226807
139.62750244141 35.193653106689 15.562867164612
139.62773132324 35.195087432861 14.445986747742
139.62831115723 35.196521759033 13.658111572266
139.62902832031 35.198238372803 10.004355430603
139.63006591797 35.199398040771 9.15456199646
139.63121032715 35.200344085693 9.5752401351929
139.63272094727 35.201400756836 10.755037307739
139.63421630859 35.201969146729 11.639273643494
139.63600158691 35.202430725098 12.703600883484
139.63745117188 35.202739715576 13.871233940125
139.63745117188 35.202739715576 13.871233940125