139.62533569336 35.192378997803 16.265476226807
139.62585449219 35.194263458252 15.562867164612
139.62608337402 35.195697784424 14.445986747742
139.62666320801 35.197132110596 13.658111572266
139.62738037109 35.198848724365 10.004355430603
139.62841796875 35.200008392334 9.15456199646
139.62956237793 35.200954437256 9.5752401351929
139.63107299805 35.202011108398 10.755037307739
139.63256835938 35.202579498291 11.639273643494
139.6343536377 35.20304107666 12.703600883484
139.63580322266 35.203350067139 13.871233940125
139.63580322266 35.203350067139 13.871233940125