139.62403869629 35.192352294922 16.265476226807
139.62455749512 35.194236755371 15.562867164612
139.62478637695 35.195671081543 14.445986747742
139.62536621094 35.197105407715 13.658111572266
139.62608337402 35.198822021484 10.004355430603
139.62712097168 35.199981689453 9.15456199646
139.62826538086 35.200927734375 9.5752401351929
139.62977600098 35.201984405518 10.755037307739
139.6312713623 35.20255279541 11.639273643494
139.63305664063 35.203014373779 12.703600883484
139.63450622559 35.203323364258 13.871233940125
139.63450622559 35.203323364258 13.871233940125