139.62275695801 35.191886901855 16.265476226807
139.62327575684 35.193771362305 15.562867164612
139.62350463867 35.195205688477 14.445986747742
139.62408447266 35.196640014648 13.658111572266
139.62480163574 35.198356628418 10.004355430603
139.6258392334 35.199516296387 9.15456199646
139.62698364258 35.200462341309 9.5752401351929
139.6284942627 35.201519012451 10.755037307739
139.62998962402 35.202087402344 11.639273643494
139.63177490234 35.202548980713 12.703600883484
139.6332244873 35.202857971191 13.871233940125
139.6332244873 35.202857971191 13.871233940125