139.62699890137 35.192192077637 16.265476226807
139.6275177002 35.194076538086 15.562867164612
139.62774658203 35.195510864258 14.445986747742
139.62832641602 35.19694519043 13.658111572266
139.6290435791 35.198661804199 10.004355430603
139.63008117676 35.199821472168 9.15456199646
139.63122558594 35.20076751709 9.5752401351929
139.63273620605 35.201824188232 10.755037307739
139.63423156738 35.202392578125 11.639273643494
139.6360168457 35.202854156494 12.703600883484
139.63746643066 35.203163146973 13.871233940125
139.63746643066 35.203163146973 13.871233940125