139.62246704102 35.191719055176 16.265476226807
139.62298583984 35.193603515625 15.562867164612
139.62321472168 35.195037841797 14.445986747742
139.62379455566 35.196472167969 13.658111572266
139.62451171875 35.198188781738 10.004355430603
139.62554931641 35.199348449707 9.15456199646
139.62669372559 35.200294494629 9.5752401351929
139.6282043457 35.201351165771 10.755037307739
139.62969970703 35.201919555664 11.639273643494
139.63148498535 35.202381134033 12.703600883484
139.63293457031 35.202690124512 13.871233940125
139.63293457031 35.202690124512 13.871233940125