139.62455749512 35.191802978516 16.265476226807
139.62507629395 35.193687438965 15.562867164612
139.62530517578 35.195121765137 14.445986747742
139.62588500977 35.196556091309 13.658111572266
139.62660217285 35.198272705078 10.004355430603
139.62763977051 35.199432373047 9.15456199646
139.62878417969 35.200378417969 9.5752401351929
139.6302947998 35.201435089111 10.755037307739
139.63179016113 35.202003479004 11.639273643494
139.63357543945 35.202465057373 12.703600883484
139.63502502441 35.202774047852 13.871233940125
139.63502502441 35.202774047852 13.871233940125