139.62187194824 35.191829681396 16.265476226807
139.62239074707 35.193714141846 15.562867164612
139.62261962891 35.195148468018 14.445986747742
139.62319946289 35.196582794189 13.658111572266
139.62391662598 35.198299407959 10.004355430603
139.62495422363 35.199459075928 9.15456199646
139.62609863281 35.20040512085 9.5752401351929
139.62760925293 35.201461791992 10.755037307739
139.62910461426 35.202030181885 11.639273643494
139.63088989258 35.202491760254 12.703600883484
139.63233947754 35.202800750732 13.871233940125
139.63233947754 35.202800750732 13.871233940125