139.62213134766 35.191802978516 16.265476226807
139.62265014648 35.193687438965 15.562867164612
139.62287902832 35.195121765137 14.445986747742
139.6234588623 35.196556091309 13.658111572266
139.62417602539 35.198272705078 10.004355430603
139.62521362305 35.199432373047 9.15456199646
139.62635803223 35.200378417969 9.5752401351929
139.62786865234 35.201435089111 10.755037307739
139.62936401367 35.202003479004 11.639273643494
139.63114929199 35.202465057373 12.703600883484
139.63259887695 35.202774047852 13.871233940125
139.63259887695 35.202774047852 13.871233940125