139.62171936035 35.191848754883 16.265476226807
139.62223815918 35.193733215332 15.562867164612
139.62246704102 35.195167541504 14.445986747742
139.623046875 35.196601867676 13.658111572266
139.62376403809 35.198318481445 10.004355430603
139.62480163574 35.199478149414 9.15456199646
139.62594604492 35.200424194336 9.5752401351929
139.62745666504 35.201480865479 10.755037307739
139.62895202637 35.202049255371 11.639273643494
139.63073730469 35.20251083374 12.703600883484
139.63218688965 35.202819824219 13.871233940125
139.63218688965 35.202819824219 13.871233940125