139.62167358398 35.19153213501 16.265476226807
139.62219238281 35.193416595459 15.562867164612
139.62242126465 35.194850921631 14.445986747742
139.62300109863 35.196285247803 13.658111572266
139.62371826172 35.198001861572 10.004355430603
139.62475585938 35.199161529541 9.15456199646
139.62590026855 35.200107574463 9.5752401351929
139.62741088867 35.201164245605 10.755037307739
139.62890625 35.201732635498 11.639273643494
139.63069152832 35.202194213867 12.703600883484
139.63214111328 35.202503204346 13.871233940125
139.63214111328 35.202503204346 13.871233940125