139.62139892578 35.19202041626 16.265476226807
139.62191772461 35.193904876709 15.562867164612
139.62214660645 35.195339202881 14.445986747742
139.62272644043 35.196773529053 13.658111572266
139.62344360352 35.198490142822 10.004355430603
139.62448120117 35.199649810791 9.15456199646
139.62562561035 35.200595855713 9.5752401351929
139.62713623047 35.201652526855 10.755037307739
139.6286315918 35.202220916748 11.639273643494
139.63041687012 35.202682495117 12.703600883484
139.63186645508 35.202991485596 13.871233940125
139.63186645508 35.202991485596 13.871233940125