139.64198303223 35.186946868896 24.176990509033
139.64193725586 35.188453674316 24.350814819336
139.64175415039 35.190395355225 24.074012756348
139.64158630371 35.191661834717 24.247415542603
139.64157104492 35.192375183105 24.347919464111
139.6416015625 35.193668365479 23.478281021118
139.64152526855 35.194412231445 22.309438705444
139.64137268066 35.195774078369 20.996307373047
139.64093017578 35.197269439697 19.550258636475
139.64033508301 35.198654174805 18.688566207886
139.63975524902 35.199794769287 18.650953292847
139.6392364502 35.200664520264 34.57576751709
139.63876342773 35.201187133789 34.377819061279
139.63845825195 35.201648712158 34.263095855713
139.63845825195 35.201648712158 34.263095855713