139.64331054688 35.186985015869 24.176990509033
139.64326477051 35.188491821289 24.350814819336
139.64308166504 35.190433502197 24.074012756348
139.64291381836 35.191699981689 24.247415542603
139.64289855957 35.192413330078 24.347919464111
139.64292907715 35.193706512451 23.478281021118
139.6428527832 35.194450378418 22.309438705444
139.64270019531 35.195812225342 20.996307373047
139.64225769043 35.19730758667 19.550258636475
139.64166259766 35.198692321777 18.688566207886
139.64108276367 35.19983291626 18.650953292847
139.64056396484 35.200702667236 34.57576751709
139.64009094238 35.201225280762 34.377819061279
139.6397857666 35.201686859131 34.263095855713
139.6397857666 35.201686859131 34.263095855713