139.64292907715 35.187042236328 24.176990509033
139.64288330078 35.188549041748 24.350814819336
139.64270019531 35.190490722656 24.074012756348
139.64253234863 35.191757202148 24.247415542603
139.64251708984 35.192470550537 24.347919464111
139.64254760742 35.19376373291 23.478281021118
139.64247131348 35.194507598877 22.309438705444
139.64231872559 35.195869445801 20.996307373047
139.6418762207 35.197364807129 19.550258636475
139.64128112793 35.198749542236 18.688566207886
139.64070129395 35.199890136719 18.650953292847
139.64018249512 35.200759887695 34.57576751709
139.63970947266 35.201282501221 34.377819061279
139.63940429688 35.20174407959 34.263095855713
139.63940429688 35.20174407959 34.263095855713