139.64202880859 35.18677520752 24.176990509033
139.64198303223 35.188282012939 24.350814819336
139.64179992676 35.190223693848 24.074012756348
139.64163208008 35.19149017334 24.247415542603
139.64161682129 35.192203521729 24.347919464111
139.64164733887 35.193496704102 23.478281021118
139.64157104492 35.194240570068 22.309438705444
139.64141845703 35.195602416992 20.996307373047
139.64097595215 35.19709777832 19.550258636475
139.64038085938 35.198482513428 18.688566207886
139.63980102539 35.19962310791 18.650953292847
139.63928222656 35.200492858887 34.57576751709
139.6388092041 35.201015472412 34.377819061279
139.63850402832 35.201477050781 34.263095855713
139.63850402832 35.201477050781 34.263095855713