139.64276123047 35.186744689941 24.176990509033
139.6427154541 35.188251495361 24.350814819336
139.64253234863 35.19019317627 24.074012756348
139.64236450195 35.191459655762 24.247415542603
139.64234924316 35.19217300415 24.347919464111
139.64237976074 35.193466186523 23.478281021118
139.6423034668 35.19421005249 22.309438705444
139.64215087891 35.195571899414 20.996307373047
139.64170837402 35.197067260742 19.550258636475
139.64111328125 35.19845199585 18.688566207886
139.64053344727 35.199592590332 18.650953292847
139.64001464844 35.200462341309 34.57576751709
139.63954162598 35.200984954834 34.377819061279
139.6392364502 35.201446533203 34.263095855713
139.6392364502 35.201446533203 34.263095855713