139.64326477051 35.186889648438 24.176990509033
139.64321899414 35.188396453857 24.350814819336
139.64303588867 35.190338134766 24.074012756348
139.64286804199 35.191604614258 24.247415542603
139.6428527832 35.192317962646 24.347919464111
139.64288330078 35.19361114502 23.478281021118
139.64280700684 35.194355010986 22.309438705444
139.64265441895 35.19571685791 20.996307373047
139.64221191406 35.197212219238 19.550258636475
139.64161682129 35.198596954346 18.688566207886
139.6410369873 35.199737548828 18.650953292847
139.64051818848 35.200607299805 34.57576751709
139.64004516602 35.20112991333 34.377819061279
139.63973999023 35.201591491699 34.263095855713
139.63973999023 35.201591491699 34.263095855713