139.64242553711 35.186805725098 24.176990509033
139.64237976074 35.188312530518 24.350814819336
139.64219665527 35.190254211426 24.074012756348
139.64202880859 35.191520690918 24.247415542603
139.6420135498 35.192234039307 24.347919464111
139.64204406738 35.19352722168 23.478281021118
139.64196777344 35.194271087646 22.309438705444
139.64181518555 35.19563293457 20.996307373047
139.64137268066 35.197128295898 19.550258636475
139.64077758789 35.198513031006 18.688566207886
139.64019775391 35.199653625488 18.650953292847
139.63967895508 35.200523376465 34.57576751709
139.63920593262 35.20104598999 34.377819061279
139.63890075684 35.201507568359 34.263095855713
139.63890075684 35.201507568359 34.263095855713