139.64256286621 35.18673324585 24.176990509033
139.64251708984 35.18824005127 24.350814819336
139.64233398438 35.190181732178 24.074012756348
139.6421661377 35.19144821167 24.247415542603
139.64215087891 35.192161560059 24.347919464111
139.64218139648 35.193454742432 23.478281021118
139.64210510254 35.194198608398 22.309438705444
139.64195251465 35.195560455322 20.996307373047
139.64151000977 35.19705581665 19.550258636475
139.64091491699 35.198440551758 18.688566207886
139.64033508301 35.19958114624 18.650953292847
139.63981628418 35.200450897217 34.57576751709
139.63934326172 35.200973510742 34.377819061279
139.63903808594 35.201435089111 34.263095855713
139.63903808594 35.201435089111 34.263095855713