139.64215087891 35.186862945557 24.176990509033
139.64210510254 35.188369750977 24.350814819336
139.64192199707 35.190311431885 24.074012756348
139.64175415039 35.191577911377 24.247415542603
139.6417388916 35.192291259766 24.347919464111
139.64176940918 35.193584442139 23.478281021118
139.64169311523 35.194328308105 22.309438705444
139.64154052734 35.195690155029 20.996307373047
139.64109802246 35.197185516357 19.550258636475
139.64050292969 35.198570251465 18.688566207886
139.6399230957 35.199710845947 18.650953292847
139.63940429688 35.200580596924 34.57576751709
139.63893127441 35.201103210449 34.377819061279
139.63862609863 35.201564788818 34.263095855713
139.63862609863 35.201564788818 34.263095855713