139.64241027832 35.187019348145 24.176990509033
139.64236450195 35.188526153564 24.350814819336
139.64218139648 35.190467834473 24.074012756348
139.6420135498 35.191734313965 24.247415542603
139.64199829102 35.192447662354 24.347919464111
139.64202880859 35.193740844727 23.478281021118
139.64195251465 35.194484710693 22.309438705444
139.64179992676 35.195846557617 20.996307373047
139.64135742188 35.197341918945 19.550258636475
139.6407623291 35.198726654053 18.688566207886
139.64018249512 35.199867248535 18.650953292847
139.63966369629 35.200736999512 34.57576751709
139.63919067383 35.201259613037 34.377819061279
139.63888549805 35.201721191406 34.263095855713
139.63888549805 35.201721191406 34.263095855713