139.64295959473 35.186836242676 24.176990509033
139.64291381836 35.188343048096 24.350814819336
139.64273071289 35.190284729004 24.074012756348
139.64256286621 35.191551208496 24.247415542603
139.64254760742 35.192264556885 24.347919464111
139.642578125 35.193557739258 23.478281021118
139.64250183105 35.194301605225 22.309438705444
139.64234924316 35.195663452148 20.996307373047
139.64190673828 35.197158813477 19.550258636475
139.64131164551 35.198543548584 18.688566207886
139.64073181152 35.199684143066 18.650953292847
139.6402130127 35.200553894043 34.57576751709
139.63973999023 35.201076507568 34.377819061279
139.63943481445 35.201538085938 34.263095855713
139.63943481445 35.201538085938 34.263095855713