139.64186096191 35.186683654785 24.176990509033
139.64181518555 35.188190460205 24.350814819336
139.64163208008 35.190132141113 24.074012756348
139.6414642334 35.191398620605 24.247415542603
139.64144897461 35.192111968994 24.347919464111
139.64147949219 35.193405151367 23.478281021118
139.64140319824 35.194149017334 22.309438705444
139.64125061035 35.195510864258 20.996307373047
139.64080810547 35.197006225586 19.550258636475
139.6402130127 35.198390960693 18.688566207886
139.63963317871 35.199531555176 18.650953292847
139.63911437988 35.200401306152 34.57576751709
139.63864135742 35.200923919678 34.377819061279
139.63833618164 35.201385498047 34.263095855713
139.63833618164 35.201385498047 34.263095855713