139.64192199707 35.186771392822 24.176990509033
139.6418762207 35.188278198242 24.350814819336
139.64169311523 35.19021987915 24.074012756348
139.64152526855 35.191486358643 24.247415542603
139.64151000977 35.192199707031 24.347919464111
139.64154052734 35.193492889404 23.478281021118
139.6414642334 35.194236755371 22.309438705444
139.64131164551 35.195598602295 20.996307373047
139.64086914063 35.197093963623 19.550258636475
139.64027404785 35.19847869873 18.688566207886
139.63969421387 35.199619293213 18.650953292847
139.63917541504 35.200489044189 34.57576751709
139.63870239258 35.201011657715 34.377819061279
139.6383972168 35.201473236084 34.263095855713
139.6383972168 35.201473236084 34.263095855713