139.64222717285 35.186740875244 24.176990509033
139.64218139648 35.188247680664 24.350814819336
139.64199829102 35.190189361572 24.074012756348
139.64183044434 35.191455841064 24.247415542603
139.64181518555 35.192169189453 24.347919464111
139.64184570313 35.193462371826 23.478281021118
139.64176940918 35.194206237793 22.309438705444
139.64161682129 35.195568084717 20.996307373047
139.64117431641 35.197063446045 19.550258636475
139.64057922363 35.198448181152 18.688566207886
139.63999938965 35.199588775635 18.650953292847
139.63948059082 35.200458526611 34.57576751709
139.63900756836 35.200981140137 34.377819061279
139.63870239258 35.201442718506 34.263095855713
139.63870239258 35.201442718506 34.263095855713