139.6428527832 35.186992645264 24.176990509033
139.64280700684 35.188499450684 24.350814819336
139.64262390137 35.190441131592 24.074012756348
139.64245605469 35.191707611084 24.247415542603
139.6424407959 35.192420959473 24.347919464111
139.64247131348 35.193714141846 23.478281021118
139.64239501953 35.194458007813 22.309438705444
139.64224243164 35.195819854736 20.996307373047
139.64179992676 35.197315216064 19.550258636475
139.64120483398 35.198699951172 18.688566207886
139.640625 35.199840545654 18.650953292847
139.64010620117 35.200710296631 34.57576751709
139.63963317871 35.201232910156 34.377819061279
139.63932800293 35.201694488525 34.263095855713
139.63932800293 35.201694488525 34.263095855713