139.64265441895 35.187004089355 24.176990509033
139.64260864258 35.188510894775 24.350814819336
139.64242553711 35.190452575684 24.074012756348
139.64225769043 35.191719055176 24.247415542603
139.64224243164 35.192432403564 24.347919464111
139.64227294922 35.193725585938 23.478281021118
139.64219665527 35.194469451904 22.309438705444
139.64204406738 35.195831298828 20.996307373047
139.6416015625 35.197326660156 19.550258636475
139.64100646973 35.198711395264 18.688566207886
139.64042663574 35.199851989746 18.650953292847
139.63990783691 35.200721740723 34.57576751709
139.63943481445 35.201244354248 34.377819061279
139.63912963867 35.201705932617 34.263095855713
139.63912963867 35.201705932617 34.263095855713