139.64253234863 35.186817169189 24.176990509033
139.64248657227 35.188323974609 24.350814819336
139.6423034668 35.190265655518 24.074012756348
139.64213562012 35.19153213501 24.247415542603
139.64212036133 35.192245483398 24.347919464111
139.64215087891 35.193538665771 23.478281021118
139.64207458496 35.194282531738 22.309438705444
139.64192199707 35.195644378662 20.996307373047
139.64147949219 35.19713973999 19.550258636475
139.64088439941 35.198524475098 18.688566207886
139.64030456543 35.19966506958 18.650953292847
139.6397857666 35.200534820557 34.57576751709
139.63931274414 35.201057434082 34.377819061279
139.63900756836 35.201519012451 34.263095855713
139.63900756836 35.201519012451 34.263095855713