139.64218139648 35.186943054199 24.176990509033
139.64213562012 35.188449859619 24.350814819336
139.64195251465 35.190391540527 24.074012756348
139.64178466797 35.19165802002 24.247415542603
139.64176940918 35.192371368408 24.347919464111
139.64179992676 35.193664550781 23.478281021118
139.64172363281 35.194408416748 22.309438705444
139.64157104492 35.195770263672 20.996307373047
139.64112854004 35.197265625 19.550258636475
139.64053344727 35.198650360107 18.688566207886
139.63995361328 35.19979095459 18.650953292847
139.63943481445 35.200660705566 34.57576751709
139.63896179199 35.201183319092 34.377819061279
139.63865661621 35.201644897461 34.263095855713
139.63865661621 35.201644897461 34.263095855713