139.64283752441 35.186496734619 24.176990509033
139.64279174805 35.188003540039 24.350814819336
139.64260864258 35.189945220947 24.074012756348
139.6424407959 35.191211700439 24.247415542603
139.64242553711 35.191925048828 24.347919464111
139.64245605469 35.193218231201 23.478281021118
139.64237976074 35.193962097168 22.309438705444
139.64222717285 35.195323944092 20.996307373047
139.64178466797 35.19681930542 19.550258636475
139.6411895752 35.198204040527 18.688566207886
139.64060974121 35.19934463501 18.650953292847
139.64009094238 35.200214385986 34.57576751709
139.63961791992 35.200736999512 34.377819061279
139.63931274414 35.201198577881 34.263095855713
139.63931274414 35.201198577881 34.263095855713