139.64196777344 35.186756134033 24.176990509033
139.64192199707 35.188262939453 24.350814819336
139.6417388916 35.190204620361 24.074012756348
139.64157104492 35.191471099854 24.247415542603
139.64155578613 35.192184448242 24.347919464111
139.64158630371 35.193477630615 23.478281021118
139.64151000977 35.194221496582 22.309438705444
139.64135742188 35.195583343506 20.996307373047
139.64091491699 35.197078704834 19.550258636475
139.64031982422 35.198463439941 18.688566207886
139.63973999023 35.199604034424 18.650953292847
139.63922119141 35.2004737854 34.57576751709
139.63874816895 35.200996398926 34.377819061279
139.63844299316 35.201457977295 34.263095855713
139.63844299316 35.201457977295 34.263095855713