139.64318847656 35.186794281006 24.176990509033
139.6431427002 35.188301086426 24.350814819336
139.64295959473 35.190242767334 24.074012756348
139.64279174805 35.191509246826 24.247415542603
139.64277648926 35.192222595215 24.347919464111
139.64280700684 35.193515777588 23.478281021118
139.64273071289 35.194259643555 22.309438705444
139.642578125 35.195621490479 20.996307373047
139.64213562012 35.197116851807 19.550258636475
139.64154052734 35.198501586914 18.688566207886
139.64096069336 35.199642181396 18.650953292847
139.64044189453 35.200511932373 34.57576751709
139.63996887207 35.201034545898 34.377819061279
139.63966369629 35.201496124268 34.263095855713
139.63966369629 35.201496124268 34.263095855713