139.64297485352 35.186622619629 24.176990509033
139.64292907715 35.188129425049 24.350814819336
139.64274597168 35.190071105957 24.074012756348
139.642578125 35.191337585449 24.247415542603
139.64256286621 35.192050933838 24.347919464111
139.64259338379 35.193344116211 23.478281021118
139.64251708984 35.194087982178 22.309438705444
139.64236450195 35.195449829102 20.996307373047
139.64192199707 35.19694519043 19.550258636475
139.6413269043 35.198329925537 18.688566207886
139.64074707031 35.19947052002 18.650953292847
139.64022827148 35.200340270996 34.57576751709
139.63975524902 35.200862884521 34.377819061279
139.63945007324 35.201324462891 34.263095855713
139.63945007324 35.201324462891 34.263095855713