139.64205932617 35.186996459961 24.176990509033
139.6420135498 35.188503265381 24.350814819336
139.64183044434 35.190444946289 24.074012756348
139.64166259766 35.191711425781 24.247415542603
139.64164733887 35.19242477417 24.347919464111
139.64167785645 35.193717956543 23.478281021118
139.6416015625 35.19446182251 22.309438705444
139.64144897461 35.195823669434 20.996307373047
139.64100646973 35.197319030762 19.550258636475
139.64041137695 35.198703765869 18.688566207886
139.63983154297 35.199844360352 18.650953292847
139.63931274414 35.200714111328 34.57576751709
139.63883972168 35.201236724854 34.377819061279
139.6385345459 35.201698303223 34.263095855713
139.6385345459 35.201698303223 34.263095855713