139.64326477051 35.186912536621 24.176990509033
139.64321899414 35.188419342041 24.350814819336
139.64303588867 35.190361022949 24.074012756348
139.64286804199 35.191627502441 24.247415542603
139.6428527832 35.19234085083 24.347919464111
139.64288330078 35.193634033203 23.478281021118
139.64280700684 35.19437789917 22.309438705444
139.64265441895 35.195739746094 20.996307373047
139.64221191406 35.197235107422 19.550258636475
139.64161682129 35.198619842529 18.688566207886
139.6410369873 35.199760437012 18.650953292847
139.64051818848 35.200630187988 34.57576751709
139.64004516602 35.201152801514 34.377819061279
139.63973999023 35.201614379883 34.263095855713
139.63973999023 35.201614379883 34.263095855713