139.64190673828 35.186862945557 24.176990509033
139.64186096191 35.188369750977 24.350814819336
139.64167785645 35.190311431885 24.074012756348
139.64151000977 35.191577911377 24.247415542603
139.64149475098 35.192291259766 24.347919464111
139.64152526855 35.193584442139 23.478281021118
139.64144897461 35.194328308105 22.309438705444
139.64129638672 35.195690155029 20.996307373047
139.64085388184 35.197185516357 19.550258636475
139.64025878906 35.198570251465 18.688566207886
139.63967895508 35.199710845947 18.650953292847
139.63916015625 35.200580596924 34.57576751709
139.63868713379 35.201103210449 34.377819061279
139.63838195801 35.201564788818 34.263095855713
139.63838195801 35.201564788818 34.263095855713