139.64233398438 35.186981201172 24.176990509033
139.64228820801 35.188488006592 24.350814819336
139.64210510254 35.1904296875 24.074012756348
139.64193725586 35.191696166992 24.247415542603
139.64192199707 35.192409515381 24.347919464111
139.64195251465 35.193702697754 23.478281021118
139.6418762207 35.194446563721 22.309438705444
139.64172363281 35.195808410645 20.996307373047
139.64128112793 35.197303771973 19.550258636475
139.64068603516 35.19868850708 18.688566207886
139.64010620117 35.199829101563 18.650953292847
139.63958740234 35.200698852539 34.57576751709
139.63911437988 35.201221466064 34.377819061279
139.6388092041 35.201683044434 34.263095855713
139.6388092041 35.201683044434 34.263095855713