139.64280700684 35.186820983887 24.176990509033
139.64276123047 35.188327789307 24.350814819336
139.642578125 35.190269470215 24.074012756348
139.64241027832 35.191535949707 24.247415542603
139.64239501953 35.192249298096 24.347919464111
139.64242553711 35.193542480469 23.478281021118
139.64234924316 35.194286346436 22.309438705444
139.64219665527 35.195648193359 20.996307373047
139.64175415039 35.197143554688 19.550258636475
139.64115905762 35.198528289795 18.688566207886
139.64057922363 35.199668884277 18.650953292847
139.6400604248 35.200538635254 34.57576751709
139.63958740234 35.201061248779 34.377819061279
139.63928222656 35.201522827148 34.263095855713
139.63928222656 35.201522827148 34.263095855713