139.64308166504 35.186717987061 24.176990509033
139.64303588867 35.18822479248 24.350814819336
139.6428527832 35.190166473389 24.074012756348
139.64268493652 35.191432952881 24.247415542603
139.64266967773 35.19214630127 24.347919464111
139.64270019531 35.193439483643 23.478281021118
139.64262390137 35.194183349609 22.309438705444
139.64247131348 35.195545196533 20.996307373047
139.64202880859 35.197040557861 19.550258636475
139.64143371582 35.198425292969 18.688566207886
139.64085388184 35.199565887451 18.650953292847
139.64033508301 35.200435638428 34.57576751709
139.63986206055 35.200958251953 34.377819061279
139.63955688477 35.201419830322 34.263095855713
139.63955688477 35.201419830322 34.263095855713