139.64221191406 35.186740875244 24.176990509033
139.6421661377 35.188247680664 24.350814819336
139.64198303223 35.190189361572 24.074012756348
139.64181518555 35.191455841064 24.247415542603
139.64179992676 35.192169189453 24.347919464111
139.64183044434 35.193462371826 23.478281021118
139.64175415039 35.194206237793 22.309438705444
139.6416015625 35.195568084717 20.996307373047
139.64115905762 35.197063446045 19.550258636475
139.64056396484 35.198448181152 18.688566207886
139.63998413086 35.199588775635 18.650953292847
139.63946533203 35.200458526611 34.57576751709
139.63899230957 35.200981140137 34.377819061279
139.63868713379 35.201442718506 34.263095855713
139.63868713379 35.201442718506 34.263095855713