139.64237976074 35.186855316162 24.176990509033
139.64233398438 35.188362121582 24.350814819336
139.64215087891 35.19030380249 24.074012756348
139.64198303223 35.191570281982 24.247415542603
139.64196777344 35.192283630371 24.347919464111
139.64199829102 35.193576812744 23.478281021118
139.64192199707 35.194320678711 22.309438705444
139.64176940918 35.195682525635 20.996307373047
139.6413269043 35.197177886963 19.550258636475
139.64073181152 35.19856262207 18.688566207886
139.64015197754 35.199703216553 18.650953292847
139.63963317871 35.200572967529 34.57576751709
139.63916015625 35.201095581055 34.377819061279
139.63885498047 35.201557159424 34.263095855713
139.63885498047 35.201557159424 34.263095855713