139.64309692383 35.186771392822 24.176990509033
139.64305114746 35.188278198242 24.350814819336
139.64286804199 35.19021987915 24.074012756348
139.64270019531 35.191486358643 24.247415542603
139.64268493652 35.192199707031 24.347919464111
139.6427154541 35.193492889404 23.478281021118
139.64263916016 35.194236755371 22.309438705444
139.64248657227 35.195598602295 20.996307373047
139.64204406738 35.197093963623 19.550258636475
139.64144897461 35.19847869873 18.688566207886
139.64086914063 35.199619293213 18.650953292847
139.6403503418 35.200489044189 34.57576751709
139.63987731934 35.201011657715 34.377819061279
139.63957214355 35.201473236084 34.263095855713
139.63957214355 35.201473236084 34.263095855713