139.64532470703 35.186553955078 24.176990509033
139.64527893066 35.188060760498 24.350814819336
139.6450958252 35.190002441406 24.074012756348
139.64492797852 35.191268920898 24.247415542603
139.64491271973 35.191982269287 24.347919464111
139.6449432373 35.19327545166 23.478281021118
139.64486694336 35.194019317627 22.309438705444
139.64471435547 35.195381164551 20.996307373047
139.64427185059 35.196876525879 19.550258636475
139.64367675781 35.198261260986 18.688566207886
139.64309692383 35.199401855469 18.650953292847
139.642578125 35.200271606445 34.57576751709
139.64210510254 35.200794219971 34.377819061279
139.64179992676 35.20125579834 34.263095855713
139.64179992676 35.20125579834 34.263095855713