139.64811706543 35.186519622803 24.176990509033
139.64807128906 35.188026428223 24.350814819336
139.64788818359 35.189968109131 24.074012756348
139.64772033691 35.191234588623 24.247415542603
139.64770507813 35.191947937012 24.347919464111
139.6477355957 35.193241119385 23.478281021118
139.64765930176 35.193984985352 22.309438705444
139.64750671387 35.195346832275 20.996307373047
139.64706420898 35.196842193604 19.550258636475
139.64646911621 35.198226928711 18.688566207886
139.64588928223 35.199367523193 18.650953292847
139.6453704834 35.20023727417 34.57576751709
139.64489746094 35.200759887695 34.377819061279
139.64459228516 35.201221466064 34.263095855713
139.64459228516 35.201221466064 34.263095855713