139.64344986140415 35.18691105041683 24.17699050903320
139.64339447434671 35.18841985040341 24.35081481933594
139.64322019697957 35.19036066017824 24.07401275634766
139.64305015939135 35.19162728867485 24.24741554260254
139.64303298788133 35.19233952875960 24.34791946411133
139.64306072955964 35.19363544654283 23.47828102018684
139.64299000734226 35.19437897173084 22.30943870544434
139.64283770100334 35.19573854345445 20.99630737304688
139.64239608911470 35.19723463482713 19.55025863647461
139.64180514593821 35.19861835944933 18.68856620788574
139.64121922212837 35.19975901954537 18.65095329284668
139.64070745160464 35.20063087880001 34.57576751708984
139.64022614789354 35.20115318322018 34.37781906127930
139.63992101318161 35.20161460795558 34.26309585664421
