139.64556884766 35.186401367188 24.176990509033
139.64552307129 35.187908172607 24.350814819336
139.64533996582 35.189849853516 24.074012756348
139.64517211914 35.191116333008 24.247415542603
139.64515686035 35.191829681396 24.347919464111
139.64518737793 35.19312286377 23.478281021118
139.64511108398 35.193866729736 22.309438705444
139.64495849609 35.19522857666 20.996307373047
139.64451599121 35.196723937988 19.550258636475
139.64392089844 35.198108673096 18.688566207886
139.64334106445 35.199249267578 18.650953292847
139.64282226563 35.200119018555 34.57576751709
139.64234924316 35.20064163208 34.377819061279
139.64204406738 35.201103210449 34.263095855713
139.64204406738 35.201103210449 34.263095855713