139.64886474609 35.187461853027 24.176990509033
139.64881896973 35.188968658447 24.350814819336
139.64863586426 35.190910339355 24.074012756348
139.64846801758 35.192176818848 24.247415542603
139.64845275879 35.192890167236 24.347919464111
139.64848327637 35.194183349609 23.478281021118
139.64840698242 35.194927215576 22.309438705444
139.64825439453 35.1962890625 20.996307373047
139.64781188965 35.197784423828 19.550258636475
139.64721679688 35.199169158936 18.688566207886
139.64663696289 35.200309753418 18.650953292847
139.64611816406 35.201179504395 34.57576751709
139.6456451416 35.20170211792 34.377819061279
139.64533996582 35.202163696289 34.263095855713
139.64533996582 35.202163696289 34.263095855713