139.64527893066 35.187614440918 24.176990509033
139.6452331543 35.189121246338 24.350814819336
139.64505004883 35.191062927246 24.074012756348
139.64488220215 35.192329406738 24.247415542603
139.64486694336 35.193042755127 24.347919464111
139.64489746094 35.1943359375 23.478281021118
139.64482116699 35.195079803467 22.309438705444
139.6446685791 35.196441650391 20.996307373047
139.64422607422 35.197937011719 19.550258636475
139.64363098145 35.199321746826 18.688566207886
139.64305114746 35.200462341309 18.650953292847
139.64253234863 35.201332092285 34.57576751709
139.64205932617 35.201854705811 34.377819061279
139.64175415039 35.20231628418 34.263095855713
139.64175415039 35.20231628418 34.263095855713