139.64814758301 35.186943054199 24.176990509033
139.64810180664 35.188449859619 24.350814819336
139.64791870117 35.190391540527 24.074012756348
139.64775085449 35.19165802002 24.247415542603
139.6477355957 35.192371368408 24.347919464111
139.64776611328 35.193664550781 23.478281021118
139.64768981934 35.194408416748 22.309438705444
139.64753723145 35.195770263672 20.996307373047
139.64709472656 35.197265625 19.550258636475
139.64649963379 35.198650360107 18.688566207886
139.6459197998 35.19979095459 18.650953292847
139.64540100098 35.200660705566 34.57576751709
139.64492797852 35.201183319092 34.377819061279
139.64462280273 35.201644897461 34.263095855713
139.64462280273 35.201644897461 34.263095855713