139.64933776855 35.187671661377 24.176990509033
139.64929199219 35.189178466797 24.350814819336
139.64910888672 35.191120147705 24.074012756348
139.64894104004 35.192386627197 24.247415542603
139.64892578125 35.193099975586 24.347919464111
139.64895629883 35.194393157959 23.478281021118
139.64888000488 35.195137023926 22.309438705444
139.64872741699 35.19649887085 20.996307373047
139.64828491211 35.197994232178 19.550258636475
139.64768981934 35.199378967285 18.688566207886
139.64710998535 35.200519561768 18.650953292847
139.64659118652 35.201389312744 34.57576751709
139.64611816406 35.20191192627 34.377819061279
139.64581298828 35.202373504639 34.263095855713
139.64581298828 35.202373504639 34.263095855713