139.64387512207 35.186637878418 24.176990509033
139.6438293457 35.188144683838 24.350814819336
139.64364624023 35.190086364746 24.074012756348
139.64347839355 35.191352844238 24.247415542603
139.64346313477 35.192066192627 24.347919464111
139.64349365234 35.193359375 23.478281021118
139.6434173584 35.194103240967 22.309438705444
139.64326477051 35.195465087891 20.996307373047
139.64282226563 35.196960449219 19.550258636475
139.64222717285 35.198345184326 18.688566207886
139.64164733887 35.199485778809 18.650953292847
139.64112854004 35.200355529785 34.57576751709
139.64065551758 35.200878143311 34.377819061279
139.6403503418 35.20133972168 34.263095855713
139.6403503418 35.20133972168 34.263095855713