139.64695739746 35.186626434326 24.176990509033
139.64691162109 35.188133239746 24.350814819336
139.64672851563 35.190074920654 24.074012756348
139.64656066895 35.191341400146 24.247415542603
139.64654541016 35.192054748535 24.347919464111
139.64657592773 35.193347930908 23.478281021118
139.64649963379 35.194091796875 22.309438705444
139.6463470459 35.195453643799 20.996307373047
139.64590454102 35.196949005127 19.550258636475
139.64530944824 35.198333740234 18.688566207886
139.64472961426 35.199474334717 18.650953292847
139.64421081543 35.200344085693 34.57576751709
139.64373779297 35.200866699219 34.377819061279
139.64343261719 35.201328277588 34.263095855713
139.64343261719 35.201328277588 34.263095855713