139.64894104004 35.186782836914 24.176990509033
139.64889526367 35.188289642334 24.350814819336
139.6487121582 35.190231323242 24.074012756348
139.64854431152 35.191497802734 24.247415542603
139.64852905273 35.192211151123 24.347919464111
139.64855957031 35.193504333496 23.478281021118
139.64848327637 35.194248199463 22.309438705444
139.64833068848 35.195610046387 20.996307373047
139.64788818359 35.197105407715 19.550258636475
139.64729309082 35.198490142822 18.688566207886
139.64671325684 35.199630737305 18.650953292847
139.64619445801 35.200500488281 34.57576751709
139.64572143555 35.201023101807 34.377819061279
139.64541625977 35.201484680176 34.263095855713
139.64541625977 35.201484680176 34.263095855713