139.64361572266 35.186912536621 24.176990509033
139.64356994629 35.188419342041 24.350814819336
139.64338684082 35.190361022949 24.074012756348
139.64321899414 35.191627502441 24.247415542603
139.64320373535 35.19234085083 24.347919464111
139.64323425293 35.193634033203 23.478281021118
139.64315795898 35.19437789917 22.309438705444
139.64300537109 35.195739746094 20.996307373047
139.64256286621 35.197235107422 19.550258636475
139.64196777344 35.198619842529 18.688566207886
139.64138793945 35.199760437012 18.650953292847
139.64086914063 35.200630187988 34.57576751709
139.64039611816 35.201152801514 34.377819061279
139.64009094238 35.201614379883 34.263095855713
139.64009094238 35.201614379883 34.263095855713