139.64712524414 35.187465667725 24.176990509033
139.64707946777 35.188972473145 24.350814819336
139.6468963623 35.190914154053 24.074012756348
139.64672851563 35.192180633545 24.247415542603
139.64671325684 35.192893981934 24.347919464111
139.64674377441 35.194187164307 23.478281021118
139.64666748047 35.194931030273 22.309438705444
139.64651489258 35.196292877197 20.996307373047
139.6460723877 35.197788238525 19.550258636475
139.64547729492 35.199172973633 18.688566207886
139.64489746094 35.200313568115 18.650953292847
139.64437866211 35.201183319092 34.57576751709
139.64390563965 35.201705932617 34.377819061279
139.64360046387 35.202167510986 34.263095855713
139.64360046387 35.202167510986 34.263095855713