139.64904785156 35.187599182129 24.176990509033
139.6490020752 35.189105987549 24.350814819336
139.64881896973 35.191047668457 24.074012756348
139.64865112305 35.192314147949 24.247415542603
139.64863586426 35.193027496338 24.347919464111
139.64866638184 35.194320678711 23.478281021118
139.64859008789 35.195064544678 22.309438705444
139.6484375 35.196426391602 20.996307373047
139.64799499512 35.19792175293 19.550258636475
139.64739990234 35.199306488037 18.688566207886
139.64682006836 35.20044708252 18.650953292847
139.64630126953 35.201316833496 34.57576751709
139.64582824707 35.201839447021 34.377819061279
139.64552307129 35.202301025391 34.263095855713
139.64552307129 35.202301025391 34.263095855713