139.64463806152 35.187103271484 24.176990509033
139.64459228516 35.188610076904 24.350814819336
139.64440917969 35.190551757813 24.074012756348
139.64424133301 35.191818237305 24.247415542603
139.64422607422 35.192531585693 24.347919464111
139.6442565918 35.193824768066 23.478281021118
139.64418029785 35.194568634033 22.309438705444
139.64402770996 35.195930480957 20.996307373047
139.64358520508 35.197425842285 19.550258636475
139.6429901123 35.198810577393 18.688566207886
139.64241027832 35.199951171875 18.650953292847
139.64189147949 35.200820922852 34.57576751709
139.64141845703 35.201343536377 34.377819061279
139.64111328125 35.201805114746 34.263095855713
139.64111328125 35.201805114746 34.263095855713