139.64617919922 35.187129974365 24.176990509033
139.64613342285 35.188636779785 24.350814819336
139.64595031738 35.190578460693 24.074012756348
139.6457824707 35.191844940186 24.247415542603
139.64576721191 35.192558288574 24.347919464111
139.64579772949 35.193851470947 23.478281021118
139.64572143555 35.194595336914 22.309438705444
139.64556884766 35.195957183838 20.996307373047
139.64512634277 35.197452545166 19.550258636475
139.64453125 35.198837280273 18.688566207886
139.64395141602 35.199977874756 18.650953292847
139.64343261719 35.200847625732 34.57576751709
139.64295959473 35.201370239258 34.377819061279
139.64265441895 35.201831817627 34.263095855713
139.64265441895 35.201831817627 34.263095855713